100 1168 10
10 33
65 22 62 76 48 75 81 10 77 85
65 34 3 37 70 40 10 76 45 59
32 34 72 13 16 53 22 25 93
98 5 6 71 40 77 80 51 21 54 62 30
0 97 65 99 34 10 13 45 25 59
32 34 72 73 74 15 48 57
2 35 6 71 11 82 21 54 87
2 5 71 40 11 77 82 51 21 54 88
36 38 9 45 78 79 17 23 53 86 55 88 24 93 31
36 68 12 46 79 83 87 24 30
36 7 45 17 55 86 23 59
0 3 99 76 45 85 59
5 6 75 82 51 87 57
97 8 75 77 78 47 49 50 83 87 23 24 60
64 65 1 3 66 96 39 74 76 85 22 25 27 93
99 47 48 15 84 85 22 56 91 92
4 72 40 42 73 14 48 91
1 68 71 77 79 81 83 22 62 89 90 30
34 36 7 9 45 78 23 94
68 43 46 47 49 83 24 56 60
39 72 40 42 81 27 28 31
65 35 77 45 85 24 58
64 2 67 5 6 38 80 88 61
64 1 65 74 13 14 48 16 49 84 56 90 91 92 30
97 98 36 7 9 12 45 78 17 55 87 93
7 8 12 18 20 27 30 33 36 43 49 53 60 61 63 65 77 79 86 89 97
65 34 3 1 38 41 42 76 13 77 58
36 38 42 44 79 83 85 86 61
96 64 39 42 76 13 63 19 61 53 85 55 24 93 31
32 36 74 81 51 19 90 91 31
71 73 75 44 77 51 54 57 60
2 99 68 40 8 41 77 79 16 47 83 22 87 24 89 90 62
66 7 39 42 49 19 52 85 86 55 89 27 28 61 63
1 4 36 39 72 74 81 85 55 90 28 94
66 69 42 43 24 88 60 61 63
0 1 3 4 17 25 37 38 45 47 52 61 67 70 73 76 84 85 94 95
65 5 73 42 75 41 77 47 51 20 85 54 57 58
7 8 9 17 23 24 26 28 32 37 39 45 53 59 60 69 79 85 86 90 94 96
0 34 36 69 68 70 45 52 85 61 94
97 34 58 7 42 77 78 83 21 94 88 89 26 91 63 25 95
32 66 36 74 13 19 85 27 31
0 2 6 15 19 30 41 42 44 48 51 54 57 62 71 73 76 77 91 93 98
35 40 42 44 77 25 58 30
15 19 25 26 27 31 33 35 38 40 41 48 58 61 63 72 85 88 89
33 77 81 18 53 24 63
67 71 40 41 79 51 57 26 29
0 3 7 9 10 17 20 23 34 36 37 52 59 70 71 77 78 81 82 85 94 97 99
68 8 18 83 54 87 56
65 34 35 76 12 14 49 18 83 52 84 60 30
64 4 40 73 42 14 15 22 91 92
66 69 12 78 47 18 84 85 22 55 24 89 56 52 31
97 12 78 53 89
2 35 6 71 40 75 44 11 60 77 57 91 28 29
34 37 45 47 49 84 85 86 56 31
96 1 36 7 43 76 78 81 50 86 24 89 27 93 63
2 67 35 5 6 40 73 60 46 87 57 92 29
32 66 7 9 49 86 23 27 31
99 46 14 49 18 83 84 52 22 91 92
35 4 40 73 75 11 44 51 54 87 92 29
35 38 41 42 75 77 20 25
0 3 36 9 10 45 85
97 33 36 75 12 47 18 51 54 24 29
33 34 68 37 69 70 42 79 80 85 21 24 26 27 31 94 63
2 71 40 77 16 30
96 33 38 42 43 77 79 53 86 24 27 61 31
66 98 74 13 80 48 85 22 21 27
0 35 3 76 13 77 47 20 22 24 25 88
64 33 69 39 13 49 55 31
34 73 44 79 21 54 87
99 37 69 8 77 46 79 16 80 18 83 90 61 30
33 66 36 37 70 68 76 49 61
0 34 37 69 45 61 94 95
2 5 6 40 44 77 45 16 82 51 93 29 62
32 1 4 42 74 15 81 19 93
34 35 67 4 40 75 76 15 48 85 54 87 57 29
32 64 4 39 72 13 81 85 22 90 28
35 73 11 12 51 87 57 58 60 29
96 65 0 34 69 40 73 10 13 47 84 85 53 25 27
2 6 12 16 20 24 25 29 30 35 38 40 41 43 45 51 58 62 63 65 68 71 81 88
97 38 7 12 45 17 50 49 83 53 23 89 93 94
99 68 90 67 7 8 36 44 16 86 87 24 26 61 30 63
64 2 99 68 98 21 61
32 96 72 74 43 77 45 16 19 53 90 28
5 6 71 11 45
97 68 38 8 12 46 78 47 16 18 56 26 30
34 76 14 47 49 52 22 56 91 92
10 13 14 20 26 27 31 32 34 35 36 37 39 42 45 49 52 59 61 64 73 74 76 88 91 94 97 99
36 7 9 79 52 53 55 24 26 31 63
97 67 5 8 73 11 12 75 46 79 54 23 57 93 30
65 33 6 7 38 42 77 21 85 89 91
97 38 42 78 16 49 50 53 24 88 30 31
32 99 36 68 74 79 16 92 81 22 91 28 30
99 38 40 14 15 48 51 84 85 22 56 90 88 28
99 14 48 84 22 54 56 57 90
1 98 7 72 40 71 13 78 53 87 23 27
32 34 36 37 70 38 45 78 17 85 61 95
97 34 38 70 94
36 76 13 81 53 27 63
99 3 38 12 45 78 50 83 85 87 23 24 89 60 95
64 2 40 80 23 93
97 3 68 10 45 14 79 80 85 56 90 91 92 30
