1000 11252 10
10 33
320 471 628 851 785 828 22 161 78 422
912 22 46 304 823 313 315 316 703 832 449 843 722 852 853 349 861 97 100 248
673 300 812 654 50 504 58 251
96 897 643 228 36 680 907 621 110 463 176 273 917 853 216 665 509
256 929 547 76 46 464 113 688 624 565 696 666 764
515 134 135 903 396 155 287 544 929 554 433 826 443 969 78 974 465 727 218 614 621 253
896 89 34 770 167 780 432 978 888 889 250 316
128 65 324 37 550 775 454 228 970 520 878 976 337 345 795 286
800 612 424 972 334 275 348 216 250 507 444 798 319
535 70 263 589 877 951 19 659 982 279 762 379
674 520 172 207 911 976 597 629 122 188
898 228 421 420 132 109 851 438 249 765 350
257 578 835 802 998 335 112 849 81 915 533 443 381
329 302 559 463 498 253
944 249 296
522 15 154 155 415 431 72 588 595 339 90 97 994 355 615 233 619 620 883 249
994 173 14 431 145 501 154 446
258 521 524 155 290 429 183 954 60 70 717 334 209 979 855 729 612 616 747 876 368 755 502
416 866 131 169 810 945 632 923
737 367 41 127
643 420 167 8 424 972 251 951 242 659 279 696 410 379
128 643 517 391 76 49 696 604
259 389 653 270 274 276 543 160 685 303 445 703 449 857 348 860 349 486 746 238
0 449 100 390 103 619 588 526 47 371 791 441 315 29 415
320 292 262 915 375 57 953 892
292 836 300 593 689 694 375 57 348
580 357 744 266 748 241 979 702 767
768 901 423 536 845 142 625 920 406 629 408 54 152
832 288 711 616 621 813 846 430 465 83 664 220
961 580 805 551 905 814 239 627 415
526 22
256 641 901 457 558 51 565 855 247
993 555 332 378 943 438 630 566 442 478
450 708 637 262 108 884 605 990
484 497 660 87 58
289 5 806 808 780 569 432 182 89 891
535 517 645 777 308 151 698 279 446 575
256 2 295 205 110 753 276 952 58 477
992 97 545 868 740 390 775 6 905 461 749 462 627 277 57 602 892 93
673 577 231 41 938 884 285 605 606
643 228 582 776 786
65 641 554 816 919 664 765
256 673 737 38 297 237 367 79 18 407 761 669 127
871 555 750 723 916 700
97 354 388 775 200 461 462 495 176 125 702
672 642 103 296 872 936 431
419 204 998 583
0 737 738 3 938 843 396 464 113 863 759 153 666 287
643 100 390 103 296 371 761 22 791 441 956
835 686 784 822 217
128 577 835 76 20 789 55 735
1 450 251 246 504 954 923
256 322 646 74 638 430 558 766 565 855 247 221 30
230 105 970 622 879 657 146 722 217 414
896 770 835 836 839 167 553 298 82 980
608 573 171 364 845 749 79 975 336 652 531 436 502 697 26 989 510
128 930 835 583 264 681 298 427 366 49 469 599 828
611 966 745 650 814 178 726 506
262 263 905 23 24 153 415 292 37 426 689 186 320 458 469 868 888 250 892
1 644 654 660 276 33 36 300 174 689 817 322 205 87 481 107 753 504 377
256 641 394 145 148 558 560 702 830 192 833 66 581 457 462 208 722 97 354 484 231 361 626 375 766
320 649 682 16 273 211 954 892 383
290 355 466 84 343 92
192 229 187 626 148 341 379 446
714 175 819 691 187 829
704 806 808 714 274 691 187 766
900 357 454 6 40 878 798 976 880 316 919 664 122 795 188 765 670 286
126 998 145 443 601 154 59 254
416 800 995 933 166 456 264 80 563 469 471 923
608 482 452 519 365 975 688 277 758 696 510
968 809 970 638 652 492 880 624 340 345 635 798
612 325 8 747 844 524 16 368 178 659 85 342 855 412
293 327 233 586 970 591 278 503 927
547 970 810 620 14 399 718 401 114 595 690 339 345 635
450 483 101 136 140 972 177 763 444 446
256 452 510 430 558 754 403 51 565 668 221 638
549 618 397 910 335 918 567 956 893 895
577 3 49 20 565 696 604 735
294 520 842 337 562 561 404 634 734
515 4 906 396 433 116 853 821
194 41 233 522 140 301 473 336 980 54 887 761 955 446 127
448 546 67 933 166 472 393 265 597 790 471 632 825 189
443 802 11 381
866 899 839 777 523 429 590 980 53 959 543
99 133 616 791 813 375 313 27 861
961 843 238 145 466 147 61 501 313 347 796 413
385 548 70 552 342
768 901 362 363 683 787 470 855 406 185 827
481 33 388 805 614 935 137 841 177 530 725 58 539 284 93 990
931 548 552 489 394 277 537
34 5 282 432 820 309 438 569 442 891 189
929 97 259 98 585 619 588 556 590 14 881 508 159
673 738 705 421 884 631 762 574 479
673 355 914 115 61
545 481 97 868 37 749 785 436 118 87 602 412
871 456 123 508 191
320 355 708 487 393 140 268 152 953 187 829 991
2 713 425 970 943 273 917 309 567 472 345 671
0 14 145 159 419 37 939 556 43 431 59 316 462 90 219 93 226 98 740 766
97 934 583 939 395 846 341 599 760 90
260 536 282 922 667 928 809 555 813 688 944 567 314 201 843 83 853 729 861 733 357 613 616 755 891 893
0 672 103 746 791 588 47 371 339 761 438 22 309 249 956
423 136 73 123 972 815 273 475 119 539 282 507 444
641 104 618 652 559 816 977 210 212 151 408 793 732 765
672 642 100 249 296 44 47 22 761 155
355 452 102 936 559 214 732
320 961 706 258 905 843 749 145 722 52 892 414
545 778 909 127
224 130 322 644 58 299 303 721 594 276 663 857 730
32 517 648 874 587 690 665 990 415
673 898 420 132 807 10 479 272 851 951 251 863
2 643 36 648 907 853 665 412 509
745 555 333 304 370 437 280 959 442 989 415
578 291 260 452 519 11 915 630 247 638
256 738 3 900 997 287 295 199 842 941 46 623 336 464 252 668 991
547 72 458 716 912 401 310 694 888 250
928 546 740 357 615 233 203 780 400 145 853 501 183 538 699 92 413
737 515 421 267 78 179 631
992 929 544 320 868 164 873 681 875 265 749 821 599 729 508 733 767
422 295 574 294 167 753 854 93 222
835 101 616 136 937 557 526 815 273 787 788 821 831 123 444 319
256 739 146 500 631 668 127
960 132 487 455 305 497 339 945 695 185 506 991
65 674 357 9 976
159 837 101 423 871 807 567 811 557 818 787 916 821 119 508 94 319
354 677 330 813 527 664 603 572
288 449 965 998 614 968 809 811 492 43 846 176 465 703
66 998 364 844 206 659 311 601 443 733 254 191
256 901 522 778 657 18 156 412 545 41 565 955 191 579 326 711 457 970 972 588 79 980 380 224 225 866 739 356 358 106 619 754 499 500 245 246 631 120 764
960 6 391 778 298 812 427 366 913 49 20 55 824 186 795 828 216
929 169 171 652 173 269 208 625 467 244 154
867 676 707 489 107 943 978 981 182 823 217 378 316 607
416 866 169 810 841 783 17 945 852 185 923
898 420 421 198 487 612 681 10 459 109 851 863 695 728 121 251 543
996 198 813 83 660 791 760 861
609 4 135 654 727 504 826
544 4 230 134 968 969 520 622 592 500 724 182 727 927 153 378 797 287
804 772 742 101 677 453 476 73 330 399 853 119 345 507 444 221 572
327 574 177 530 854 87 380 990
352 512 740 235 687 306
546 514 837 422 647 393 787 924 669
73 874 460 493 79 945 212 980 887 152 446 95
288 980 879
768 227 324 580 901 457 330 399 175 497 625 467 245 406 181 920 26
576 676 390 520 360 202 840 755 693 888 188 285
804 517 202 430 593 434 690
769 775 15 148 409 154 413 431 950 59 66 843 722 84 603 97 354 740 484 105 115 501
775 520 405 668 414 423 297 555 52 192 961 581 200 845 209 341 739 874 500 120
769 961 996 645 486 423 970 843 84 501 347 445 446
192 769 450 581 459 908 187 145 626 722 628 662 695 59 62
318 710 679 877 211 596 762 573 254 223
516 872 177 630 638
35 388 517 645 455 102 690 339 210 308 568
708 140 493 212 980 406 26 95
259 135 776 397 401 281 797 287 544 929 927 46 57 957 320 579 591 480 376
257 129 397 14 15 145 549 169 170 556 173 431 950 446 66 709 467 994 743 501
994 4 446 452 103 296 872 249 582 14 16 371 595 630 857 638 287
710 679 457 204 461 654 174 784 277 760 510 127
704 512 361 332 819 691 694 187
388 328 424 243 660 249 798 351
97 259 356 871 456 807 906 794 396 590 303 90 123 508
389 860 653 303 276 21 857 348 543
352 641 485 170 397 816 690 375
321 740 392 970 747 717 719 372 885 438 476 255
283 899 477 366
737 483 965 648 875 747 331 366 720 117 218 799
613 208 338 186 411 636 893 763
546 995 67 933 393 265 80 563
896 385 643 5 294 175 848 19 692 53 342 118 696 441
352 805 766 729 830 671
129 131 170 810 173 17 625 467 154
795 257 385 161 549 709 424 169 427 173 397 816 466 626 342 662 154 731
129 652 269 461 623 784 336 625 502 54 822 955
322 675 644 9 442 594 730 188 669 958 895
129 929 169 170 652 15 208 658 467 244 662 154
481 618 684 826 654 494 529 220 58 156
768 480 450 896 262 167 936 536 714 142 819 920 694 376 187 63
897 2 285 615 811 43 621 495 465 914 754 403 434 858 125 991
450 931 483 422 999 583 137 489 759 73 975 277 150 87 317 990
832 611 966 70 711 650 524 493 814 845 270 625 823 56 251 316
737 963 421 908 879 591 116 631 824 285 287
736 961 675 772 840 361 847 755 724 789 885 762 347 476 447
552 330 589 142 819 982 889 762 187
130 135 797 287 544 927 34 422 808 819 195 838 591 592 978 220 622 500 378
795 290 611 612 681 876 16 368 466 115 538 251 413
713 943 309 886 603
960 121 131 837 294 523 683 783 561 305 787 819 86 759 728 665 284 991
128 868 165 870 455 262 778 398 366 463 913 752 371 57 411 253
384 148 157 175 819 181 695 62 63 704 192 64 831 714 332 95 355 487 617
65 643 772 390 520 9 746 172 143 406 696 697 732 317 286 447
968 393 80 432 946 697 725 374 89 474 539
418 546 366 367 665 981 761 825 859 703
619 972 364 126 94 127
581 230 229 908 187 622 686 657 626 146 148 341 59 62
488 346 611 270
301 623 336 79 858
608 261 422 198 904 819 182 220
350 385 807 232 757 567 536 510
228 680 776 593 570 348
132 133 906 527 660 424 427 195 451 839 842 459 205 847 207 853 342 216 222 612 497 760
997 874 113 917 856 252
388 43 555 462 656 146 702 319
768 610 99 840 568 269 497 210 629 536 410 700
804 517 361 782 143 528 144 751 851 853 693 570 347
365 115 211 663 699
902 583 934 939 45 654 494 846 760 397 792 506 156 671
865 36 198 807 623 753 983 817 660 628 662 471 377 58
516 936 872 840 811 340 631 408 378 126 543
512 198 520 9 746 842 649 848 690 661 853 760 634 734
129 522 269 165 422 935 297 810 173 308 59 318 575 964 455 967 594 730 991 607 608 354 359 360 373 636
258 775 520 392 521 264 616 717 782 16 528 146 469 729
547 388 408 102 840 536 746 201 559 495 977 151 568 793 732 669 895
450 679 203 973 653 403 949 149 60 221 254 383
732 102 618 140 493 748 658 980 406 408 956 152 895
609 354 308
962 803 452 451 838 647 104 936 514 357 559 847 912 919 217 347 638
770 836 356 678 968 234 971 428 492 946 245 890 540 285 959
128 2 7 264 778 398 527 800 427 302 818 692 439 319 198 454 842 463 878 889
130 610 936 521 686 911 720 657 978 48 52 214 471 410 414
515 164 4 965 935 648 483 720 637
97 226 740 388 742 426 939 747 462 306 568
832 195 970 236 494 814 719 174 529 271 885 182 506 27
804 774 679 136 74 430 754 51 403 211 638 383
198 906 459 396 753 854 118
934 679 710 780 400 596 149 573 510
319 299 107 663 730 699 380 542 127
930 708 325 804 774 326 522 127 754 412 989 639
97 419 740 747 939 306 724 505 219 316
777 585 429 142 406 920 473 732 541 382
2 643 637 6 262 776 10 907 782 658 407 411 926 801 39 680 570 834 197 582 584 970 719 463 347 862 870 361 371 885 249 765
192 581 518 470 248 62 827 446
192 609 135 813 622 657 594 52 724 500 797 414
737 836 484 38 262 712 59 938 394 558 945 735 987 606 799
196 453 554 749 978 755 926 536 765 350
897 355 615 71 970 301 14 79 914 115 538 503 858 829 413
577 617 971 428 333 946 215 890 285
288 138 781 911 687
551 814 719 494 756 885 501 220 572
673 358 41 682 246 473 669 382
800 344 486 941 84 21 312 313 796 861
580 805 745 821 917 475 539 28
576 676 458 755 693 886 888 250
323 678 266 330 748 979 25
19 410 379 610
773 904 328 974 468 660 158 351
384 129 582 652 173 658 793 895
961 929 356 901 457 749 142 272 624 436 215 412 764 127
513 312 963 645 358 325 504 682 491 473 237 50 344 313 954 382 127
256 322 452 430 558 112 51 30 855 635 638
800 0 672 545 963 517 229 391 486 581 493 943 852 308 446
228 100 103 296 10 13 14 944 371 438 791 155 158 351
547 5 838 7 458 972 240 978 114 275 469 889 444 57
1 643 132 531 19 539 673 420 681 178 50 951 183 316 832 986 738 611 109 368
256 900 997 199 295 393 941 336 113 856
515 4 779 12 398 402 423 554 302 818 567 439 186 958 705 455 329 463 860 991 864 479 866 637
66 450 485 901 844 655 211 596 149 275 601 827 126
321 162 772 563 372 476
3 764 668 30 36 295 41 297 941 558 430 51 565 59 711 457 74 739 997 619 113 500 247 120 252 127
709 170 11 556 849 466 626 154 286
616 521 105 16 209 724 414
449 153 929 869 746 810 653 685 303 401 21 281 90 794 349 159
99 741 871 744 112 915 861
904 195
32 450 605 228 231 175 913 945 23 376 57 186 637
800 579 677 8 589 798 469 57 889
800 67 612 521 302 209 469 55 216 571
546 995 933 166 733 873 80 944 563 117 925
580 549 522 330 241 979 25 767
288 515 116 421
320 393 924 953 892 95
929 129 201 171 208 625 410 700
193 611 488 361 973 653 346 814 178 21 570
646 494 720 529 220 799
109 307 851 245 375 664
96 2 675 101 425 362 787 372 309 119 922 60
64 993 449 910 21 766
612 7 679 972 365 596 250 348 254
160 36 107 303 21 857 58 860
867 68 37 422 679 892 489 746 461 654 975 177 949 88 156 317 510
293 71 327 586 970 821 347
354 35 535 360 8 424 479 909 410 19 951 762 575
745 111 370 437 442 989 959
579 259 869 776 401 984 153
800 99 613 101 815 820 692 89 445 446
899 163 805 998 835 468 952 477 543
867 841 783 435 948 340 87 185 378 539 990
577 963 38 617 234 971 428 620 143 176 179 693 215 445 991
512 257 65 550 6 332 849 882 947 697 795 188
737 4 135 648 776 46 591 464 113 879 179 182 727 153 378 155 797
421 614 936 809 267 235 717 141 911 621 465 879 655 980 844 27 125
432 34 484 958
835 709 807 876 16 466 979 183 825 795 61
326 875 366 112 915
320 915 469 23 24 57 375
833 71 999 327 394 586 278 759 794 667 447
422 167 842 746 77 819 692 118 759 185 634
256 36 464 113 753 118 252 477
103 872 44 13 47 630 249 155
256 739 41 810 845 399 208 146 575
128 866 835 839 777 427 788 53 55
224 550 107 491 337 594 789 663 730 735
1 836 58 426 654 494 689 24 826
897 194 517 233 79 593 665 858
871 264 12 398 463 818 216 410 253
160 259 860 107 685 593 276 21 857 348 159
0 872 745 111 402 370 316
960 121 185 506 991
226 419 740 138 505 219
641 834 898 969 855 272 851 693 375 664 765 958
609 354 35 517 555 909 208 213 535 248 151 698
96 417 676 100 713 462 943 273 886 184 89 956
458 716 973 653 401 114 888 315 574
641 485 844 601 126
900 491 941 238 246 344 313 861
800 0 312 802 238 83 84 246 344 347 796 861
99 903 775 522 461 688 944 922
0 357 838 936 905 969 716 973 912 310 22
0 130 5 402 304 432 178 691 436 823 704 65 978 724 97 226 749 505 251
649 746 177 188 277 696 892
322 359 208 149 727 730 573
800 224 7 936 663 200 459 972 815 656 463 788 831 119 216 123 542 447
544 992 153 868 292 424 105 268 60 752 117 23 953 892 95 57
162 423 649 746 563 372 438 701 255
318 58 644 807 107 172 718 721 594 51 958 757 247 730 635 732 669 638
452 678 748 241 732
768 6 550 520 393 970 142 369 703
225 930 708 645 70 326 588 624 246 599 828
992 225 930 291 708 325 875 588 828 127
833 293 421 71 137 586 365 367 400 854 663 278 569 859 380 542 831
388 243 158 798 351
12 655 559 498 988 253
641 354 580 677 136 745 266 142 527 124 241 756 181 566 982 889 988 572
483 164 965 911 720 471 799
512 932 567 617 555 464 882 947 695 187 157 286 31
509 234 907 971 957 783 111 948 890 989
386 612 7 456 424 429 16 880 562 798
578 836 549 75 11 910 946 918 567 895
738 194 900 393 171 718 79 623 113 690 339 54 502 761 986 252
961 482 513 550 6 775 584 491 299 77 562 984 696 735
707 964 165 613 571 636 893 511
100 517 645 455 72 393 620 14 336 690 761 151 121 572 991
993 69 638 523 206 974 849 690 595 566 791 378 635 284 862
192 98 775 425 939 395 146 344 697 474 379 62 922
385 612 198 167 424 70 170 427 692 85
385 897 615 561 466 665 858 61 510
513 238 943 341 246 312 313
96 69 6 72 136 970 622 503 795 638 671
193 611 488 681 270 850 599
392 784 147 278 675 559 691 180 821 313 584 970 202 586 719 847 84 214 228 361 885 501
160 197 389 7 365 653 303 593 275 21 694 375 24 598 570 860 510
0 259 869 685 703 21 543
196 453 510 519 232 807 10 765 926
386 388 424 328 904 798 243 249 158
161 932 740 168 138 397 440 671
807 811 560 723 916 473 541
641 778 145 535 279 677 43 308 59 581 330 462 208 722 213 603 479 609 124
385 452 487 104 233 14 914 61 502 187 92 829 510 95
159 457 428 492 624 946 245 565 215 540 127
515 912 25 928 674 681 315 958 65 969 214 855 478 99 613 359 744 115 122 891 767
513 237 945 564 799 246 504 473 923 127
483 772 357 613 781 687 208 881 912 727 921 826 763 573 318 447
704 481 967 143 208 951 373 279 575
675 228 584 59 714 202 782 847 719 270 691 724 180 570 347 157
683 273 787 86 855
642 901 940 431 849 533 406 86 891
390 936 54 733 126 191
833 68 327 203 400 275 699 348 510
128 897 899 389 648 665 163 291 164 435 948 55 824 186 190 703 455 853 598 728 859 875 752
327 41 651 18 761 859 190 639
611 70 681 525 16 183 251 767
324 966 520 842 468 726 634
580 745 111 304 437 280 766
100 868 870 228 582 155 47 752 22 249 186 411 956 894
321 866 162 772 769 675 775 425 273 563 989 255
481 935 360 208 990
697 845 189
641 389 272 23 664 24 161 546 292 938 813 307 694 59 712 460 83 348 887
480 640 262 776 397 974 175 984 153
865 205 973 816 977 817 471 58
130 867 135 522 31 206 947 340 948 182 566 438 955 284 287
610 8 395 972 242 19 659 341 410 62
224 896 418 770 710 327 663 137 884 854 567 600 987 990 127
11 81 835 443
227 645 779 237 819 246 473 829 991
679 653 211 954 60 221
932 582 714 895 244 695 187 831
355 196 548 807 615 167 170 784 466 85 342 343 731 413 510
451 804 453 869 424 904 334 399 562 351
795 451 709
775 328 200 43 462 495 210 87 151 568 219 956 158 351
160 674 653 366 21 598 375 634 348
576 676 37 840 364 143 47 22 188 415
128 800 643 963 773 633 824 20 248 473
162 717 719 209 347
546 324 900 166 647 892 970 139 268 80 336 339 252 790 924 189 95
833 931 293 231 712 558 88 794 59 447
98 659 341 410 379
515 4 906 46 78 443 222 159
352 161 480 740 549 170 75 204 846 376 153 154 671
455 302 463 913 402 216 186 253
768 386 451 804 453 742 772 136 72 297 810 142 462 625 853
891 740 327 542 780 365 115 663 569 699 573 510 223
153 259 72 776 810 461 653 114 310 281
516 872 840 398 304 945 695 316 253
804 679 74 430 176 754 211 221
842 77 494 561 665 734
520 585 146 500
768 901 777 142 408 920 26 152 683 942 956 188 980 212 86 732 227 618 363 493
737 228 669 41 938 786 957
768 530 406 536 26 669 546 547 956 574 453 455 716 973 206 462 977 210 212 732 102 618 761
145 574 463
610 871 744 201 395 269 302 845 625 242 19 279 217 379 700 767
228 165 870 455 582 371 793 186 894
225 930 771 70 774 619 524 749 110 907 624 754 499 853 245 127 93 639
385 740 615 233 145 466 115 84 183 538
929 706 961 258 230 521 105 874 622 146 724 500 52 217 542
961 805 517 487 390 905 874 619 108 14 111 883 627 22 57 28
67 131 456 945 17 923
514 451 870 647 974 847 849 309 956 862
448 867 933 710 981 790 567 825 731 380 190 703
97 226 998 45 306 626 662 505
673 898 132 487 10 812 109 19 251 863
288 898 515 132 327 10 267 179 116 854 631 91 574
514 771 646 902 139 277 537 294 177 182 195 837 208 607 608 867 874 753 118 759 892
768 321 101 845 817 818 147 146 439 536 253 26 123 701
386 643 7 19 279 158 798 170 686 951 320 451 198 334 342 985 351 612 626
96 775 551 944 273 372 341 922 733 671
740 836 934 987 939 300 971 689 946 562 532 568 57 634 219 540 671
960 128 835 198 839 777 170 651 298 971 942 842 715 342 55 216 890
356 617 234 215 285 540 893
227 777 334 16 82 890
256 804 679 711 74 941 558 855 144 433 754 403 51 247 27 221 638
642 14 15 145 533 790 154 928 672 934 940 44 950 448 961 97 996 998 363 748 750 756 501 891
289 34 5 806 808 569 888 89 891 316 189 958
4 430 526 78 853 821 957 542 927
804 811 144 176 787 916 991
455 366 783 881 948 284
749 975 245 54 316 93
966 745 651 766 111 942 370 280 830
89 993 321 162 100 746 10 378 566 249 442 701 31
423 871 818 216 253
352 673 932 552 684 758 792
643 167 970 460 47 848 22 604 478
172 111 820 438 280 89 31 989 959
66 835 4 802 998 809 11 396 81 381 126
101 7 136 553 73 937 972 815 980 119 250 507 572
800 285 486 617 815 147 563 21 282 796 733
645 140 15 147 154 155 282 798 800 35 943 692 820 62 703 73 972 79 994 229 486 881 248 763
736 772 293 742 359 394 491 526 735 755 180 789 693 188 476 319
418 642 940 431 496 561 80 849 533 790 567 825
0 259 774 614 841 843 685 783 274 852 21 22 855 125 703
262 148 923 32 679 175 177 50 949 954 700 581 73 722 211 605 990 867 489 504 637 254
417 386 387 514 803 198 647 424 548 399 847 787 214 541
994 323 355 68 510 519 104 247 74 748 112 214 630 155 732 638
386 772 232 536 136 399 530 755 408 350
65 6 778 878 216
897 398 151 408 792 411 554 435 567 186 829 958 967 462 208 594 339 730 991 618 366 752 757 121 253 894
416 833 67 612 871 812 334 945 469 504 794 923 508 94 159
256 356 901 941 558 142 565 245 59 156 30 127
576 676 240 114 310 888 57 250
132 319 198 908 543 879 497 945 148 853 695 859 222 831
970 874 140 887 945 375 441
37 775 903 43 171 462 401 277 759 314 955 156
640 388 775 399 408 37 43 939 814 309 59 956 702 455 200 461 219 97 354 742 870 488 495
2 228 12 781 398 302 818 216 409 186 253 319
3 867 295 332 46 113 882 947 287
288 4 614 841 621 176 852 27 125
385 290 257 709 615 170 876 61 84 183 795 413 343
129 580 169 173 142 625 950 154
708 773 974 624 369 243 727 952 633 283 477
800 67 612 292 963 263 520 456 264 972 209 55 824 57 250 798
608 229 518 485 968 743 683 492 86 922 827 575
521 911 656 790 933 687 561 67 965 331 205 720 80 597 217 606 610 995 632 377
96 965 80 567 632 606
353 227 645 358 391 585 874 237 750 79 723 246 887 541 382
775 968 845 341 697 189
101 239 815 497 530 563 821 695 539
162 772 742 136 447 747 875 526 180 255
930 163 708 805 36 295 624 468 952 283 543
674 643 357 681 943 598 441 604 31
736 705 354 516 840 279 109 951 762 91 860 253
513 579 397 974 175 915 984 376 153
644 637 605 935 360 749 174 373 87 58 93
68 688 337 758 696
931 164 359 73 681 331 878 720 177 850 534 218 763 700 799
289 641 33 231 560 145 59 958
641 161 844 655 470 311 601 827 254
800 994 617 972 653 238 147 21 248 796 445 446 703
355 132 420 805 779 883 695 121 991 187 95 415
640 193 611 748 462 814 270 346
130 867 803 450 548 522 525 177 767 277 759 88 537 607
552 808 714 819
577 963 964 613 504 447 618 299 337 562 594 820 246 312 735
770 356 69 836 968 809 638 470 215 600 125 702
641 866 834 801 582 650 140 943 178 152 980 852 406 212 248 765 926
842 204 236 654 271 300 174 826 819 404 799 885 529 601 506 220 543
640 388 43 462 176 210
448 652 694 790 793
768 33 198 201 459 908 142 945 658 660 662 695 920 121 475
932 329 12 559 656 655 886 889 988
545 522 639 785 754 412 127
256 961 739 230 135 520 939 146 724 405 182 631 120 668 797 414 127
769 15 145 147 154 672 934 553 941 431 950 961 84 347 994 996 236 115 756 889
355 616 171 813 16 784 336 822 54 510 863
71 615 233 970 526 591 345 538 957 927
1 450 58 358 134 456 491 812 654 50 564 246 954 923
226 419 998 306 316
611 204 814 494 654 305 755 56 121 220
101 7 136 972 853 444 572
871 744 456 818 767 117 821 727 90 123 94 159
2 869 774 907 333 110 989
385 519 780 784 400 277 156 807 54 573 68 452 196 74 975 343 727 348 350 223 608 355 365 757 502
800 609 707 676 338 536 985 571 636 893
545 617 138 332 207 882 157 286
480 579 358 682 974 943 696 337 915 246 984 344 923 735
417 451 422 647 139 214 956
4 357 421 969 554 267 396 78 116 631 218 253
840 872 936 748 206 402 150 860 957 479
645 144 20 151 415 35 301 690 308 698 575 202 587 593 339 991 108 620 248
929 229 743 968 777 470 827 575
834 452 837 510 68 552 582 618 557 975 112 830 926 919 792 350
6 135 9 143 146 405 676 937 555 946 562 188 324 968 585 842 77 207 209 469 369 500 634
706 258 264 687 16 209 722 720 724 471 217 700 414
903 266 14 767 930 549 681 314 955 580 588 79 208 979 989 607 225 867 489 619 499 883 378 127
993 899 777 590 849 82 340 566 728 185
612 70 747 844 814 655 16 625 178 412
867 744 489 713 943 368 767 607
503 742 447 815 433 821 22 119 476 29 542 927
677 198 330 988 664 216 889 124
202 782 751 209 851 543
552 684 174 494 976 271 562 919 220
453 574 137 854 87 408 475 539 990
608 929 738 611 556 822 54 986 251 863
689 426 804 740
448 642 835 998 363 940 11 431 849
601 483 700 878
545 354 35 8 778 909 659 308 982 279
768 609 99 196 453 423 232 201 840 175 210 755 629 408 26 571 511
931 422 860 489 759 88 892
503 740 233 115 853 183 858 413
101 805 614 681 759 239 815 251 850 563 530 725 87 475 284 189 606
356 836 426 428 946 215
353 451 227 837 787 723 565 473 732
224 327 873 972 526 400 433 853 663 414 319
132 653 528 21 283 160 804 811 952 832 708 459 846 206 590 82 980 728 857 349 477 866 494 751
320 929 992 868 4 764 135 592 117 182 153 892 703
512 868 37 106 778 909 639 785 499 852 565 535 248 93 127
408 166 393 265 139 813 80 115 790 375 664 825 892 669 190
707 3 72 250 716 718 114 210 408 666 732
385 803 451 552 489 85 88 767
736 762 709 170 75 266 397 910 335 893 522 154 733 767
961 675 324 6 775 299 337 697 286
769 775 553 425 236 814 980 28
610 548 440 519 490 714 684 976 529 819 85 181 919 792 88 830
769 551 980 53 501 444
864 834 867 4 515 455 40 969 765 618 232 623 926 919 253 958 991
609 99 934 200 520 42 332 111 946 146 308 567 634 731 31
929 97 835 257 709 740 743 154 531 90 863
837 519 787 119 123 699
256 641 231 247 457 74 394 679 941 430 766 711 51 855 59 30
932 102 104 329 12 977 498 210 214 347
353 59 484
448 471 77 665 915 404 790 343 185
386 520 426 491 842 77 878 334 976 337 529 919 634
772 265 539 667 925 933 166 815 944 445 321 67 475 733 606 995 883 372 255
504 923 358
256 545 929 3 356 837 457 74 619 76 51 855 764 541 30 127
993 330 746 523 595 340 438 378 31
918 418 802 807 555 941 448 960 196 710 455 75 332 335 472 731 991 96 864 867 99 253 123 380 637
388 645 201 426 210 151 219 669
34 806 327 808 780 432 400 89 891
228 197 584 361 202 270 348
800 264 338 536 985 511
677 136 330 620 236 339 756 507 664 444 603 124
510 359 780 400 958 149 54 727 921 730 318 223
421 137 716 530 310 854 408 409 118 91
608 35 517 518 360 777 297 208 789 470 279 698 922
676 390 458 143 240 888
673 38 234 747 715 491 76 49 914 884 890 285 735
11 335 112 849 658 915 702 895
480 513 153 263 776 984 281 127
645 677 805 745 266 522 330 142 239 625 370 467 821 25 28 989 702 767
192 450 739 354 229 679 146 626 148 722 248 59
384 519 658 786 411 155 39 956 957 829 834 730 228 870 493 371 244 894 895
98 939 204 45 177 55 599
961 675 228 870 361 337 926 724 570 347 956 862
227 995 645 90 520 937 815 881 405 473 794 667 925
293 71 327 970 278 347
929 517 648 874 108 665 990 703
100 645 326 325 522 619 14 881 22 90 127
263 8 812 181 889 762
899 523 543 751 82 728 90 159
737 929 71 824 179 182 503 927 153 957 287
544 929 868 135 968 182 764 927
517 197 776 301 303 144 690 694 24 348
322 707 964 230 455 299 172 107 491 208 730 958 735
72 14 690 340 566 155
934 710 679 968 972 877 275 149 762 827 254 223
674 995 965 9 911 80 471 632 825
674 389 366 634 348 478
98 325 583 681 718 690 117 55 346 828
896 770 492 953 987 380
66 485 844 494 534 311 126 700 254
37 775 905 916 93
354 677 650 620 664 943 124 145 184 572
896 643 907 76 20 441 478
32 481 450 708 38 262 945 913 884 637
471 987 472 231 38 883 563 759 632 539
130 867 422 776 489 522 525 208 981 825 767
195 68 422 208 531 822 470 54 986 510 575
354 134 230 555 308 213 536 826 511
832 552 201 846 242 471 760 217 410 379
193 488 681 346 814 270 368 178 850 531 183 56 506 251
132 7 264 524 16 275 798 800 424 692 183 198 70 456 842 334 469 342 871
99 357 165 359 681 491 338 820 793 282 763 893
288 449 4 841 809 783 943 465 655 852 87 539 125
897 385 503 233 14 176 466 115 948 343 858 413
258 99 840 813 16 209 83 755 502 119 729 27 861
512 486 234 428 332 946 187 796 285 445
964 408 102 519 455 554 491 684 75 174 926 212 918 406 792 956 958 895
256 191 415 522 588 14 883 565 22 90 412 127
517 677 72 14 339 603 572 285 991
288 2 4 841 747 717 655 176 465 27 991
192 230 135 970 813 657 52 729 182 345 795 414
194 554 171 205 336 113 722 983 825 668 991
929 3 356 805 69 773 968 708 325 468 245 412 764 477
129 26 580 169 171 524 845 142 269 399 784 178 467 696 410
192 641 769 257 419 581 424 170 785 699 628 148 662 793 59 893 62
905 28 37 415
865 205 626 148 660 662 791
768 201 9 911 536 26
452 872 296 112 150 155 638 31
515 739 421 206 883 116 179 854 500 120 91 127
965 875 911 656 17 80 720 597 471 472 825 923 606
468 773 974 391
389 294 934 520 842 555 426 77 207 369 562 853 598 726 734
322 69 679 72 970 880 340 247 638
165 208 338 893 511
32 481 450 708 228 262 935 605 567 218 253
653 915 150 155 679 430 51 322 452 69 74 340 214 345 221 872 492 112 630 247 635
225 545 367 785 754 499 412
488 974 462 495 376
661 30 161 40 558 816 690 307 311 59 330 844 973 977 851 855 354 484 485 102 493 626 375 765 766
672 448 838 103 936 363 940 44 431 533
896 2 391 907 19 20 659 39 424 167 680 47 696 441 188 848 604 478 228 996 744 110 885 886 251
481 322 58 107 172 718 721 730
382 35 580 325 517 585 588 881 339 147 246 151 568 473 698 446
771 422 902 939 271 51 855 799
417 514 451 803 837 393 139 847 912 787 214
737 164 587 108 366 110 665 218 990 287
321 746 207 816 661 60 317
493 814 178 56 603
966 745 777 427 715 942 367 437 726 959
129 69 102 669 171 173 496 244 694 822 54 793 732 765 895
160 259 389 486 679 383 973 270 401 211 21 310 348 638 543
1 58 134 204 300 174 494 506 277 504 826 156
288 485 614 329 844 621 524 498 827 254
200 498 790 471 632 319
192 230 970 622 879 686 52 724 217 127
578 228 582 173 497 244 212 662 895
643 70 8 395 844 909 19 982 535 379 126
33 133 198 205 497 243 628 662 791 58 158
641 649 746 844 207 816 978
419 695 170 908 173 205 497 626 658 628 660 148 791 731
224 327 299 203 780 107 400 854 699 380 542 319
65 801 546 40 765 27 813 527 272 851 307 572 375 603 124 669 670
897 2 648 587 108 301 110 366 561 404 853 343 185 190 703
547 3 46
995 99 293 933 999 931 937 585 563 916 922 794 925
256 739 997 74 939 623 113 722 146 500 120 825
139 652 407 408 664 793 546 41 682 172 694 568 954 322 973 210 732 237 761 895
664 65
96 352 740 168 425 970 426 204 397 345
642 100 103 872 44 431 501 248
577 1 420 38 41 109 237 251 914 884 758 440 91 92
357 965 389 9 597 598 122 478
961 870 550 584 361 172 847 273 180 372 886 347
576 130 707 870 390 520 458 143 240 693 886 309 888 511
354 580 263 136 330 988 620 702 527 756 889 603 124 572
241 323 748 215
653 275 403 149 277 156 934 430 558 949 450 581 710 973 211 596 221 223 635 638 383
2 643 228 197 776 907
132 522 539 930 931 820 183 55 828 850 599 346 478 611 483 357 613 368 117 759 251 767
513 963 237 246 954 60 669
362 728 470 86 406 185 827
552 618 174 976 529 792 440 826
449 259 746 303 852 21 349 703
192 835 217 424 48 657 985 924
772 359 521 138 235 781 911 471
482 99 68 3 314 758 696 922
836 740 426 300 532 24 57 58
641 517 144 791 151 161 72 718 207 336 593 595 340 339 599 991 746 108 761
64 704 808 361 714 782 819 724 823 347 316 157 63
800 612 446 294 167 842 342 216 282 798
676 870 202 143 240 307 755 851 285 447
860 652 175 496 593 114 819 157 375 822 793 348 669 24 895
384 769 132 908 402 148 662 932 945 187 831 459 332 475 731 487 879 497 121 763
896 513 482 3 643 68 167 76 845 688 337 625 915 20 19 697 188 317
550 775 845 341 374 54 696 474 188 189 286
35 517 645 308 575
224 740 203 780 557 365 400 626 115 663 891
954 450 483 871 521 201 42 941 269 878 534 601 410 990
321 423 746 817 818 438
833 578 580 677 200 43 492 462 25 59
0 21 665 544 929 418 809 685 190 446 449 324 841 587 852 853 349 486 746 366 125
64 360 819 724 691 823 187 316 157 766
736 91 253 479
961 521 105 722 724 414
130 547 964 676 338 594 511
152 543 32 799 930 952 953 828 829 325 326 468 477 605 95 225 624 884 637
257 290 835 387 549 170 556 849 466 154 795
418 934 679 156 884 596 149 567 380 223
256 832 941 558 430 813 178 27 127
896 770 836 231 394 938 375 987
96 525 943 917 309 184
64 384 808 361 490 552 175 819 691 187 63
577 777 427 651 942 890
547 973 912 114 310 408 315 574
288 162 392 747 621 719 16 209 885
322 547 644 72 336 690 599
162 228 392 361 747 236 717 814 885 347 220
483 164 965 904 521 331 911 271 471 632 217 218 799
322 107 644 807
0 961 450 706 354 581 105 521 843 623 912 145 148 52 59 668
353 807 42 811 750 916 887 473 541
704 961 706 226 258 230 135 584 521 361 847 657 691 180 500 316 414
968 946 87 539 189
966 745 875 651 369 56 634 734
318 4 134 135 359 974 468 921 826 508 573 510 287
899 804 132 523 683 590 366 751 185 543
99 805 616 168 970 782 622 16 209 117 733
224 322 644 582 455 967 107 172 299 208 594 894 958 573 318
385 418 695 170 555 662 567
652 406 408 793 541 669 547 956 188 322 323 452 210 212 227 102 104 746 748 895
99 995 549 425 873 265 364 925 944 563 117 729 922 445 126 767
842 77 207 404 853 726 634
577 737 513 963 231 299 491 76 49 594 337 789 447
705 549 840 447 755 180 762 479
164 231 648 41 938 46 591 784 18 735 179 789 116 407 927 957 287
807 46 251 336 113 531 822 986 91 863
256 581 297 810 146 500 631 120 668 127
138 397 400 145 532 538 413 671 162 37 426 556 689 306 699 970 219 352 97 226 115
915 260 871
772 136 462 526 399 219 476 447
929 518 556 470 154
643 260 357 774 871 969 525 979 855 25 410 508 958 767
580 966 330 651 239 304 111 370 437 726 280 56 989
259 649 661 21 791 277 294 809 685 816 690 438 566 188 317 701 703 321 842 207 210 732 100
577 226 162 164 70 875 524 717 621 719 16 855 219 476
323 516 452 678 840 488 970 782 431 241 979 212 25 732
992 481 868 37 764 892 232 105 905 978 436 245 316 54 117 412 93
42 431 723 916 473
804 202 590 528 728 543
320 868 455 366 371 186 894
865 36 422 295 205 118 58 222
225 804 74 127 430 176 403 499 991 412 221 639
736 99 453 840 232 616 143 240 16 180 693 536 506 447
677 330 236 431 501 950 889 572
322 196 967 807 455 909 510
673 482 68 808 688 440
537 794 539 924 931 293 422 294 681 46 177 185 461 850 606 867 999 489 892
98 610 996 133 198 939 204 846 207 853 156
100 103 41 79 336 367 690 47 980 339 408 669 190
736 549 8 877 589 596 149 982 951 180 181 91 279 479
483 165 613 359 73 798 881 695 446
544 929 256 3 968 749 624 592 565 245 127
641 10 652 919 664 926 801 40 554 307 65 834 969 977 851 350 228 102 232 493
64 97 641 704 808 168 558 370 274 51 437 59 830
580 357 549 548 744 681 522 266 489 525 368 117 25 410 508 733 607
324 901 408 423 201 536 779 142 175 399 497 629 406 86 920 26
996 775 551 553 145 626 147 148 501 372 695
896 836 5 712 492 53 215 600 987 380
902 774 646 422 853 855 412
804 453 742 359 136 447 781 399 687 563 372 180 476 188 255
391 974 624 243 468 633
449 225 771 804 869 744 907 979 855 221 412 509
769 388 6 145 146 922 37 550 551 425 43 697 314 461 462 845 209 337 341 474 602 372
153 579 228 197 287 39 680 869 907 401 593 376 281 607
929 227 35 518 298 715 427 429 651 523 942 82 789 406 959 890 575
128 545 354 454 106 535 216 186 127
768 487 253 382 991
34 891 5 400 115 663 569 699 573 510 223
772 359 235 463 975 911 687 921
228 808 361 970 202 748 528 209 691 729
449 131 614 841 333 881 435 948 185 284
737 385 998 171 812 48 625 822 502 347 156 510
545 910 626 499 93 852 793 893 639
407 957 582 39
451 837 647 362 811 139 557 855 273 434 86 119 185 123 541 831
298 835 119 319
737 447 777 299 575 49 180 735
448 418 867 546 393 431 80 496 656 561 981 471 825
100 133 746 47 690 83 340 660 662 22 628 249
964 519 552 455 618 204 684 440
613 669 102 652 496 785 210 626 244 816 694 411 732 893 894 895
833 931 259 293 999 456 585 394 850 759 667 925 159
128 65 290 387 709 6 170 876 622 466 183 345 286
802 900 486 617 941 238 84 313 445
230 135 968 500 182 153 287
800 65 612 69 7 424 328 263 158 334 880 692 469 919 763 446 351
896 865 483 708 965 902 358 164 836 231 331 646 494 271 720 945
7 264 391 263 282 798 692 820 313 571 445 446 319 67 972 469 216 985 612 486 238 248 511
228 813 909 493 664 765
960 11 941 81 567 313 443 796
451 548 647 489 847 214
225 386 772 869 774 136 202 430 399 751 144 434 754 532 403 728 221 543
580 487 168 935 239 624 883 87 539 729 283 28 477 830 415
64 34 808 432 569 891
385 916 159 290 811 822 567 951 322 196 205 721 723 983 350 863 353 738 109 757 123 510
64 34 806 714 490 782 432 830 691 819 758 182 569 766
288 99 69 998 614 746 492 853 443 125 703
131 739 259 72 297 169 399 208 17 401
353 998 807 846 206 176 434 787 916 723 123 125 543
128 1 898 963 420 456 589 784 824 504
801 546 99 133 230 711 616 622 83 502 375 664 27 124
611 551 488 650 939 236 28 524 719 462 270 178 885 56 506 220
101 937 585 526 563 475 119 282 539 444 445 319
641 161 102 40 649 746 170 377 973 977 661 793
423 205 881 377 58 701
871 423 701 302 463 439 216 123 508 253
157 294 808 552 175 691 181 694 182 185 187 829 63 704 195 714 490 494 382
800 613 681 282 491 89 442 446
580 123 526 239 78 433 885 475 119 117 278 347 508
608 929 738 807 171 652 784 48 531 502 694 986 863
0 832 130 704 178 691 316
128 963 391 812 972 366 591 179 469
448 290 546 418 933 997 623 80 981 790 597 632 668 190 607
609 4 134 359 684 300 174 654 494 976 727
485 229 518 901 968 683 655 596 470 86 254
128 930 708 325 326 681 55 599
897 355 708 582 455 233 914 819 95 953 991 382 63
805 519 552 168 808 437 59 766
384 327 459 187 787 119 695 859 319
0 610 711 939 846 251 178 823 27 220 543
859 293 327 456 394 365 854 794 59 702
228 838 582 519 969 554 493 307 765 926
896 11 788 533 283 290 930 298 427 556 686 48 49 53 55 443 836 709 839 998 119 381
896 770 910 24 540 799 934 426 300 945 946 689 53 835 712 335 215 987 231 492
422 519 647 139 557 787 565 185 123 541
962 834 642 936 912 978 214 182 250 315
960 866 835 198 298 427 82 980 53
736 516 390 616 201 872 748 206 143 402 755 180 210 536 479
449 131 614 621 783 465 852 87 991 284 703
612 294 198 520 746 427 77 494 207 113 369 562 692 404 216 634 734
0 449 961 99 105 46 145 722 147 84 853
288 641 485 70 524 655 659 661 311 601 126 254
26 775 423 297 410 625 178 146 54 374 696 697 474 989
832 98 610 811 939 204 397 760 27 125 543
417 675 451 803 198 647 361 724 180 214 347
167 441 643 207
448 257 578 417 709 523 363 11 940 862 915 340 533 286
611 931 483 999 794 681 759 346 539
641 898 132 10 202 109 272 528 307 693 664 765
0 545 449 131 614 841 493 685 785 465 248 703
0 2 771 136 906 908 399 665 538 412 542 936 809 433 703 198 202 459 972 843 78 207 734 99 366 110 115 760 634 507
833 421 327 574 137 631 530 118 663 380 222 990
641 771 774 646 16 787 30 558 430 51 307 565 449 70 86 357 744 362 747 247
199 874 917 252 989
160 107 303 276 21 155 543
897 194 615 233 301 176 948 343 538
833 327 459 366 367 190 831
160 516 303 276 21 694 348 537 892 253 479
0 99 260 133 616 238 944 83 312 313
417 228 870 584 974 849 340 956
929 898 738 420 132 807 556 109 46 531 822 502
866 554 980 567 253
205 753 628 377 799
864 131 839 298 493 17 82 372 980 127 253 958 543
130 522 525 277 790 284 418 422 554 947 567 955 450 464 981 607 489 759 378
992 320 929 544 545 37 749 752 592 371 117 57 186 892 93
386 259 804 774 776 907 974 281 349 509
417 961 675 676 228 582 584 462 371 693 886 186 411 956 862
612 741 260 744 456 42 508 302 818 439 410 123 700 94 159
672 516 840 296 44 206 304 402 150 630 155 638
929 265 944 117 733 542
961 422 199 587 140 460 108 146 887 856 473 414 415
992 897 291 164 965 326 899 747 366 117 726 632 476
290 16 466 183 795
8 596 149 982 762
65 483 454 6 976 562 534 216 700
288 970 459 908 141 657 179 52 695 287
65 69 970 334 635 798
645 359 585 588 783 817 435 948 90 763 446
512 332 464 947 286
805 487 522 619 14 563 631 606 415
32 673 577 708 710 38 91 380 605
162 643 228 236 717 814 719 494 180 821 347 220
643 676 675 870 240 498 309 184 956
874 140 460 79 723 980 375 473
576 676 5 458 143 432 240 114 310 57
5 677 263 330 589 527 498 756 949 501 181 216 250 988
577 777 234 971 427 715 942 333 429 946 215 989 959
928 34 99 357 806 363 780 569 432 431 400 912 89 699
905 393 268 277 23 537 924 544 546 37 422 57 60 317 320 860 868 105 749 759
99 165 613 549 75 428 939 910 785 626 338 793 636 511
582 455 752 371 793 730 411 895
384 652 658 915 918 793 669 172 694 578 582 75 335 210 212 732 618 244 894
770 643 836 5 835 167 712 696 175 53 600 380 987 604 799
2 455 615 233 875 301 366 176 914 948 343 665 858 829
420 132 421 10 812 109 851 307 863
163 523 875 366 590 82 952 728 283
65 796 997 393 941 336 113 312 252
768 457 363 142 30 245 406 86 920 26 827 254 127
771 934 646 422 939 204 945 799
4 522 461 314 955 922
386 195 261 974 720 243 351
37 892 936 105 749 912 627 57 602 315 28 415
198 396 78 853 989 222 159
509 2 643 228 869 774 680 776 333 110 412 604 989
192 963 459 879 497 179 148 853 662 695
961 801 545 106 659 308 757 535 279
836 549 75 335 785 274 893
288 936 9 235 331 781 687 720 629 597 471 632 217
0 891 357 838 647 359 905 716 722 114 214 315
128 262 398 186 605
577 673 355 897 233 176 92 829
480 513 578 291 260 292 741 11 112 561 849 23 984 696 638 895
353 807 42 811 123 750 434 723 602 667
96 2 997 199 713 239 856
618 75 335 567 895
65 519 936 552 40 554 976 529 562 214 765 798
768 227 901 142 175 497 945 406 26
573 359 781 727
99 775 903 425 937 688 273 341 470 314 667 733 575
416 513 450 67 131 358 456 632 945 50 17 564 504
393 139 268 686 759 892
995 265 585 937 944 563 794 667 733
834 228 519 584 232 554 618 493 765 350
929 737 71 135 526 591 592 433 182 503 153 957
99 357 431 115 891
129 259 4 3 518 777 269 531 153 414 927 544 556 173 565 822 703 587 591 592 90 863 992 868 743 873 624 117 245 764
225 835 708 325 326 681 522 55 412 828 477
483 999 681 394 177 850 759 88 537 794 667
352 384 332 559 498 695 440
418 995 67 166 265 80 563 471 825 667
98 836 902 679 710 426 555 204 939 431 946 596 501 634 223
481 805 208 373 87 218 637 990
642 516 905 911 919 288 44 175 315 319 962 838 206 978 853 214 217 104 364
520 585 815 119 922 667 444 925
737 38 231 712 46 407 375
902 646 668 934 426 814 832 583 204 846 462 341 219 97 98 226 996 500 760 893
448 642 998 363 431 849 533
256 802 900 796 711 457 558 430 238 113 252 501 567 312 700
777 715 651 427 971 437 406 890 959
248 513 130 344 446 994 614 96 713 525 493 309 184 603 478 31
99 733 425 873 265 13 925 563 249 314 861
131 902 262 140 17 402 920 923 799 416 695 836 456 459 460 605 358 231 497 121
836 356 934 968 520 234 555 971 426 617 335 725 215 890 540 189
867 332 464 882 378 286
897 615 333 366 378 783 881 435 858 284
450 679 211 277 889
431 145 467 756 501 154
807 8 424 360 109 19 982 279 762 251 479
899 708 36 974 468 283 477 543
320 708 268 23 600 829 95
450 700 682 16 50 246 504 60 669 383
867 903 522 171 461 79 378 127
514 388 406 408 417 47 309 582 584 75 462 212 732 862 100 870 618 371 886
407 737 516 582 333 591 433 786 503 153 989 927
289 866 573 484 357 322 455 744 969 554 618 172 432 594 307 730 253
777 971 651 942 111 82 215 280 442 890
128 121 802 839 427 305 567 185
909 146 147 28 414 415 675 550 431 180 706 584 843 337 722 724 84 996 870 105 874 500 245 501
936 838 214
248 964 391 682 491 812 908 179 469 246 824 285 735
707 963 618 491 208 594 338 792
674 164 472 331 875 720 597 471 632 218 125 799
745 651 369 178 437 726 56
455 360 208 757 730
69 518 135 520 797 492 592 624 946 596 725 470 215 125 474 827 764 189
834 515 4 357 135 744 554 973 307 315 765 958 991
6 393 782 657 147 278 671 162 52 441 324 69 71 72 586 460 345 729 347 220 96 228 740 233 748 622 879 880 503 635 127
234 427 426 333 942 946 215 890 285 959
7 275 19 542 800 824 444 446 191 319 73 596 469 853 101 486 379 250 507 127
641 679 969 716 653 270 816 977 211 310 408 377 315 669
640 417 513 480 376 869 773 4 904 243 468 340 952 727 984 633 862
68 519 781 177 436 277 54 510
65 6 552 9 684 878 529 562 919 122 826
641 102 973 559 816 210 408 377 765
130 5 838 232 936 749 661 182 217 250 316
290 774 744 522 266 748 16 241 25
140 141 406 152 543 288 551 553 53 444 839 79 82 212 864 866 493 887 761 127
418 867 130 790 825 190 607
8 330 877 951 659 181 535 762
807 205 623
480 513 579 974 337 915 376 281
800 996 424 686 571 511
608 738 336 531 822 251
896 770 836 231 712 426 600 380 606
677 329 330 527 498 889
225 509 580 745 906 907 522 333 845 111 856 372 54 280 442 957 890
32 450 700 935 648 137 587 108 177 530 373 854 87 284 380
517 779 285 554 176 305 690 434 567 185 829 455 841 969 208 339 95 487 620 621 623 113 754 121 253 382
320 929 544 868 37 326 875 749 117
523 274 340 566 438 31
452 486 14 15 943 501 154 155 446
67 933 166 733 265 585 563 597 471 667 925
769 961 643 133 939 431 147 501 760 985
256 900 199 113 252 917 825 668
66 419 835 809 811 11 45 940 431 784 533 443 505 283 125 126
931 293 177 850 759 794 667
